  File: HumaneBook.jpg
  Size: 733563    	Blocks: 1440       IO Block: 4096   regular file
Device: 824h/2084d	Inode: 1418327     Links: 1
Access: (0777/-rwxrwxrwx)  Uid: ( 1000/ daniell)   Gid: ( 1000/ daniell)
Access: 2021-01-15 23:31:24.105576800 -0300
Modify: 2019-08-27 20:29:52.000000000 -0300
Change: 2020-12-11 06:14:55.503370300 -0300
 Birth: -
